896,2012,57.0,31.92,12.56,31.0
897,2011,45.0,26.78,8.61,27.0
902,1999,43.0,12.48,6.13,10.0
907,2009,9.0,9.0,0.0,9.0
908,2005,93.0,40.17,15.29,38.0
909,2013,25.0,21.0,5.66,21.0
913,2009,36.0,9.42,5.08,8.0
926,2006,26.0,21.0,4.24,20.5
929,2009,67.0,45.22,15.68,44.0
940,2014,76.0,29.8,13.35,28.0
953,2015,128.0,55.95,20.58,54.5
986,2007,71.0,22.67,11.96,20.0
6651,2008,66.0,31.49,13.09,30.0
6660,2001,16.0,12.03,1.89,12.0
6661,2011,42.0,14.92,5.73,13.0
6663,2003,24.0,18.33,3.83,19.0
6664,2011,38.0,30.0,11.31,30.0
6665,2008,25.0,17.12,3.0,16.0
6666,2012,30.0,20.5,5.48,19.5
6670,2014,20.0,12.99,3.67,13.0
6671,2013,33.0,21.09,6.11,22.0
6673,2014,40.0,18.57,7.51,18.0
6679,2013,28.0,21.33,9.87,26.0
6684,2008,31.0,12.47,4.35,11.0
6686,2012,40.0,18.42,6.75,17.0
6688,2003,41.0,28.5,9.24,31.0
6691,2014,46.0,38.0,10.77,41.0
6693,2004,20.0,15.75,1.77,16.0
6703,2016,68.0,37.07,13.93,36.0
6705,2004,21.0,11.46,3.76,10.0
6706,2013,19.0,15.6,2.41,15.0
6718,2012,41.0,22.1,8.85,20.0
6722,2012,23.0,19.5,2.07,19.5
6724,2013,55.0,28.5,10.14,27.0
7357,2003,57.0,26.94,12.54,26.0
7359,2005,70.0,43.88,21.66,49.0
7364,2012,64.0,50.25,15.0,54.5
7366,2013,54.0,31.52,10.67,30.0
7368,2015,32.0,22.97,3.54,23.0
7377,2002,70.0,36.04,8.13,37.0
7403,2003,46.0,31.25,13.46,31.0
7412,2005,90.0,36.48,13.97,35.0
7418,2006,18.0,14.67,2.88,14.0
7420,2003,21.0,19.5,2.12,19.5
7422,2002,69.0,34.35,14.35,31.0
7427,2003,114.0,56.33,20.56,54.5
7429,2016,106.0,47.37,18.24,45.0
7430,2003,73.0,37.08,11.41,38.0
7434,2002,49.0,36.0,18.38,36.0
7438,2012,55.0,52.5,3.54,52.5
7442,2011,84.0,39.95,13.17,39.0
7445,2013,23.0,20.0,2.45,19.5
7453,2013,70.0,33.9,10.87,34.0
8146,2014,17.0,15.5,2.12,15.5
8164,2013,29.0,19.44,4.39,19.0
8169,2002,46.0,18.93,5.16,19.0
8171,2009,18.0,14.5,4.95,14.5
8173,2008,29.0,14.07,5.21,15.0
8177,2011,45.0,25.96,9.72,25.5
8181,2014,66.0,38.04,12.47,39.0
8183,2003,61.0,53.59,8.63,58.0
8187,2014,61.0,41.62,9.11,40.0
8190,2011,23.0,16.67,2.67,16.0
8191,2003,25.0,17.7,3.55,18.0
8206,2015,28.0,18.75,7.3,21.5
8208,2009,39.0,25.79,6.01,25.5
8211,2007,42.0,26.46,9.38,27.0
8212,2010,10.0,8.75,1.89,9.5
8213,2014,85.0,35.54,16.34,32.0
987,2006,45.0,23.36,8.17,23.0
8216,2008,39.0,23.67,6.49,23.0
8217,2004,24.0,19.5,4.46,20.5
8220,2013,45.0,23.99,10.02,23.5
8223,2012,58.0,22.54,9.35,19.0
8238,2005,62.0,49.0,10.77,48.5
8242,2001,86.0,45.9,17.06,43.0
8246,2012,74.0,44.25,18.06,43.5
8262,2003,60.0,44.75,10.87,47.5
8266,2004,23.0,13.16,3.88,13.0
8268,2006,39.0,14.32,11.16,8.0
8269,2011,32.0,31.5,0.58,31.5
8271,2002,19.0,18.0,1.41,18.0
8273,2011,40.0,23.42,7.48,20.0
8275,2013,50.0,31.19,11.33,33.0
8283,2002,24.0,22.0,2.83,22.0
8285,2014,23.0,19.25,2.99,19.0
6728,2012,112.0,36.15,14.6,36.0
8292,2016,69.0,46.09,11.91,44.0
8293,2016,48.0,37.88,10.66,41.0
8298,2003,110.0,49.63,18.14,48.0
8302,2003,65.0,41.28,19.37,50.0
8303,2003,100.0,41.34,14.68,42.0
8305,2011,55.0,43.5,8.22,44.0
8307,2016,54.0,27.02,8.02,26.0
8309,2016,60.0,31.8,15.77,25.0
8310,2005,30.0,19.1,8.43,17.0
8311,2002,100.0,22.78,10.54,20.0
8337,2014,34.0,26.5,10.61,26.5
8344,2011,60.0,19.72,6.62,19.0
8347,2008,62.0,32.2,22.23,18.0
8352,2008,66.0,36.04,19.51,34.5
8355,2011,64.0,27.26,10.1,25.0
8359,2011,33.0,22.5,8.19,22.0
8361,2008,33.0,18.03,6.11,16.5
8362,2003,14.0,12.83,1.17,13.0
8373,2011,44.0,29.63,6.88,30.0
8387,2001,16.0,13.75,1.71,13.5
8388,2016,43.0,24.4,10.48,21.0
8390,2015,31.0,21.64,5.79,21.0
8392,2010,14.0,11.14,2.41,12.0
8400,2014,35.0,25.6,8.29,27.0
8402,2015,24.0,14.56,4.39,14.0
8407,2005,124.0,51.97,23.18,50.0
8409,2001,43.0,33.0,8.89,30.0
8422,2002,85.0,22.45,13.0,21.0
8425,2014,25.0,13.36,3.52,13.0
8433,2004,29.0,14.09,7.06,13.0
8447,2008,18.0,9.06,2.67,9.0
8458,2016,137.0,55.9,32.41,43.0
8462,2016,115.0,46.32,20.15,36.0
8463,2016,32.0,29.67,3.21,31.0
8464,2016,48.0,30.91,7.59,28.0
8469,2001,81.0,43.33,13.62,42.0
8474,2014,75.0,24.97,14.91,19.5
8476,2007,15.0,13.75,1.04,14.0
8483,2014,30.0,17.82,4.64,17.5
8484,2002,46.0,19.77,10.25,15.0
8489,2002,80.0,35.04,16.77,31.0
8287,2012,20.0,16.6,3.29,16.0
8505,2014,73.0,33.53,9.23,34.0
8511,2007,45.0,30.29,7.71,29.0
8513,2009,83.0,26.8,8.69,26.0
8514,2008,45.0,25.28,5.53,25.0
8522,2018,12.0,11.0,0.71,11.0
8529,2002,60.0,34.75,16.84,26.5
8536,2001,66.0,39.37,14.72,43.0
8546,2001,33.0,16.0,4.72,16.0
8554,2013,21.0,13.74,2.39,14.0
8558,2003,71.0,41.29,12.71,41.0
8560,2001,38.0,23.0,8.32,22.0
8563,2011,49.0,25.26,8.5,26.0
8572,2003,26.0,18.67,6.43,16.0
8577,2016,18.0,11.17,3.63,11.0
8586,2016,73.0,41.88,12.23,43.0
8356,2017,42.0,20.38,9.07,17.0
8596,2008,82.0,47.19,15.65,50.0
8597,2012,50.0,41.5,6.19,40.0
8611,2011,54.0,32.0,11.0,33.0
8613,2003,41.0,30.75,9.5,31.0
8623,2006,49.0,46.5,3.54,46.5
8624,2006,76.0,34.88,17.03,34.0
